0.0000000000 7.2254353244e-14
0.0400803778 6.5618244781e-07
0.0801607556 1.3217027132e-06
0.1202411334 1.9956137103e-06
0.1603215111 2.6769682809e-06
0.2004018889 3.3648192669e-06
0.2404822667 4.0582195101e-06
0.2805626445 4.7562218524e-06
0.3206430223 5.4578791356e-06
0.3607234001 6.1622442015e-06
0.4008037779 6.8683698921e-06
0.4408841556 7.5753090491e-06
0.4809645334 8.2821145144e-06
0.5210449112 8.9878391299e-06
0.5611252890 9.6915357374e-06
0.6012056668 1.0392257179e-05
0.6412860446 1.1089056296e-05
0.6813664223 1.1780985930e-05
0.7214468001 1.2467098924e-05
0.7615271779 1.3146448119e-05
0.8016075557 1.3818086358e-05
0.8416879335 1.4481067704e-05
0.8817683113 1.5134783280e-05
0.9218486891 1.5779418538e-05
0.9619290668 1.6415273283e-05
1.0020094446 1.7042647323e-05
1.0420898224 1.7661840466e-05
1.0821702002 1.8273152520e-05
1.1222505780 1.8876883290e-05
1.1623309558 1.9473332585e-05
1.2024113336 2.0062800213e-05
1.2424917113 2.0645585980e-05
1.2825720891 2.1221989693e-05
1.3226524669 2.1792311161e-05
1.3627328447 2.2356850190e-05
1.4028132225 2.2915906588e-05
1.4428936003 2.3469780162e-05
1.4829739781 2.4018770719e-05
1.5230543558 2.4563178068e-05
1.5631347336 2.5103302014e-05
1.6032151114 2.5639442367e-05
1.6432954892 2.6171898932e-05
1.6833758670 2.6700971517e-05
1.7234562448 2.7226959930e-05
1.7635366225 2.7750163977e-05
1.8036170003 2.8270883467e-05
1.8436973781 2.8789418207e-05
1.8837777559 2.9306068004e-05
1.9238581337 2.9821132664e-05
1.9639385115 3.0334911997e-05
2.0040188893 3.0847705808e-05
2.0440992670 3.1359813906e-05
2.0841796448 3.1871536098e-05
2.1242600226 3.2383172190e-05
2.1643404004 3.2895021991e-05
2.2044207782 3.3407385308e-05
2.2445011560 3.3920561948e-05
2.2845815338 3.4434851718e-05
2.3246619115 3.4950554426e-05
2.3647422893 3.5467969879e-05
2.4048226671 3.5987397884e-05
2.4449030449 3.6509138249e-05
2.4849834227 3.7033490782e-05
2.5250638005 3.7560752511e-05
2.5651441783 3.8091167537e-05
2.6052245560 3.8624932481e-05
2.6453049338 3.9162242287e-05
2.6853853116 3.9703291892e-05
2.7254656894 4.0248276239e-05
2.7655460672 4.0797390267e-05
2.8056264450 4.1350828918e-05
2.8457068227 4.1908787132e-05
2.8857872005 4.2471459848e-05
2.9258675783 4.3039042009e-05
2.9659479561 4.3611728554e-05
3.0060283339 4.4189714424e-05
3.0461087117 4.4773194559e-05
3.0861890895 4.5362363900e-05
3.1262694672 4.5957417388e-05
3.1663498450 4.6558549963e-05
3.2064302228 4.7165956566e-05
3.2465106006 4.7779832136e-05
3.2865909784 4.8400371616e-05
3.3266713562 4.9027769944e-05
3.3667517340 4.9662222063e-05
3.4068321117 5.0303922911e-05
3.4469124895 5.0953067431e-05
3.4869928673 5.1609850561e-05
3.5270732451 5.2274467244e-05
3.5671536229 5.2947112419e-05
3.6072340007 5.3627981027e-05
3.6473143785 5.4317268009e-05
3.6873947562 5.5015168305e-05
3.7274751340 5.5721876855e-05
3.7675555118 5.6437588600e-05
3.8076358896 5.7162498481e-05
3.8477162674 5.7896801439e-05
3.8877966452 5.8640692413e-05
3.9278770229 5.9394366344e-05
3.9679574007 6.0158018173e-05
4.0080377785 6.0931842840e-05
4.0481181563 6.1716035287e-05
4.0881985341 6.2510790453e-05
4.1282789119 6.3316303278e-05
4.1683592897 6.4132768705e-05
4.2084396674 6.4960381672e-05
4.2485200452 6.5799337121e-05
4.2886004230 6.6649829992e-05
4.3286808008 6.7512055226e-05
4.3687611786 6.8386207763e-05
4.4088415564 6.9272482543e-05
4.4489219342 7.0171074508e-05
4.4890023119 7.1082178598e-05
4.5290826897 7.2005989753e-05
4.5691630675 7.2942702914e-05
4.6092434453 7.3892513021e-05
4.6493238231 7.4855615016e-05
4.6894042009 7.5832203838e-05
4.7294845787 7.6822474427e-05
4.7695649564 7.7826621726e-05
4.8096453342 7.8844840674e-05
4.8497257120 7.9877326211e-05
4.8898060898 8.0924273278e-05
4.9298864676 8.1985876816e-05
4.9699668454 8.3062331766e-05
5.0100472231 8.4153833033e-05
5.0501276009 8.5260500866e-05
5.0902079787 8.6382222551e-05
5.1302883565 8.7518840060e-05
5.1703687343 8.8670195367e-05
5.2104491121 8.9836130444e-05
5.2505294899 9.1016487266e-05
5.2906098676 9.2211107804e-05
5.3306902454 9.3419834033e-05
5.3707706232 9.4642507925e-05
5.4108510010 9.5878971453e-05
5.4509313788 9.7129066591e-05
5.4910117566 9.8392635311e-05
5.5310921344 9.9669519587e-05
5.5711725121 1.0095956139e-04
5.6112528899 1.0226260270e-04
5.6513332677 1.0357848548e-04
5.6914136455 1.0490705171e-04
5.7314940233 1.0624814336e-04
5.7715744011 1.0760160240e-04
5.8116547789 1.0896727082e-04
5.8517351566 1.1034499057e-04
5.8918155344 1.1173460364e-04
5.9318959122 1.1313595199e-04
5.9719762900 1.1454887760e-04
6.0120566678 1.1597322245e-04
6.0521370456 1.1740882850e-04
6.0922174233 1.1885553773e-04
6.1322978011 1.2031319211e-04
6.1723781789 1.2178163362e-04
6.2124585567 1.2326070423e-04
6.2525389345 1.2475024591e-04
6.2926193123 1.2625010063e-04
6.3326996901 1.2776011037e-04
6.3727800678 1.2928011710e-04
6.4128604456 1.3080996280e-04
6.4529408234 1.3234948943e-04
6.4930212012 1.3389853897e-04
6.5331015790 1.3545695340e-04
6.5731819568 1.3702457468e-04
6.6132623346 1.3860124479e-04
6.6533427123 1.4018680571e-04
6.6934230901 1.4178109965e-04
6.7335034679 1.4338397632e-04
6.7735838457 1.4499529411e-04
6.8136642235 1.4661491186e-04
6.8537446013 1.4824268845e-04
6.8938249791 1.4987848273e-04
6.9339053568 1.5152215355e-04
6.9739857346 1.5317355978e-04
7.0140661124 1.5483256028e-04
7.0541464902 1.5649901390e-04
7.0942268680 1.5817277951e-04
7.1343072458 1.5985371596e-04
7.1743876235 1.6154168210e-04
7.2144680013 1.6323653681e-04
7.2545483791 1.6493813894e-04
7.2946287569 1.6664634735e-04
7.3347091347 1.6836102089e-04
7.3747895125 1.7008201843e-04
7.4148698903 1.7180919882e-04
7.4549502680 1.7354242092e-04
7.4950306458 1.7528154360e-04
7.5351110236 1.7702642571e-04
7.5751914014 1.7877692611e-04
7.6152717792 1.8053290366e-04
7.6553521570 1.8229421721e-04
7.6954325348 1.8406072563e-04
7.7355129125 1.8583228778e-04
7.7755932903 1.8760876251e-04
7.8156736681 1.8939000869e-04
7.8557540459 1.9117588516e-04
7.8958344237 1.9296625080e-04
7.9359148015 1.9476096446e-04
7.9759951793 1.9655988499e-04
8.0160755570 1.9836287127e-04
8.0561559348 2.0016978213e-04
8.0962363126 2.0198047646e-04
8.1363166904 2.0379481310e-04
8.1763970682 2.0561265091e-04
8.2164774460 2.0743384875e-04
8.2565578237 2.0925826549e-04
8.2966382015 2.1108575997e-04
8.3367185793 2.1291619107e-04
8.3767989571 2.1474941763e-04
8.4168793349 2.1658529851e-04
8.4569597127 2.1842369258e-04
8.4970400905 2.2026445870e-04
8.5371204682 2.2210745572e-04
8.5772008460 2.2395254250e-04
8.6172812238 2.2579957790e-04
8.6573616016 2.2764842078e-04
8.6974419794 2.2949893000e-04
8.7375223572 2.3135096441e-04
8.7776027350 2.3320438288e-04
8.8176831127 2.3505904427e-04
8.8577634905 2.3691480743e-04
8.8978438683 2.3877153122e-04
8.9379242461 2.4062907451e-04
8.9780046239 2.4248729614e-04
9.0180850017 2.4434605499e-04
9.0581653795 2.4620520990e-04
9.0982457572 2.4806461974e-04
9.1383261350 2.4992414336e-04
9.1784065128 2.5178363963e-04
9.2184868906 2.5364296741e-04
9.2585672684 2.5550198554e-04
9.2986476462 2.5736055290e-04
9.3387280239 2.5921852834e-04
9.3788084017 2.6107577072e-04
9.4188887795 2.6293213889e-04
9.4589691573 2.6478749173e-04
9.4990495351 2.6664168807e-04
9.5391299129 2.6849458680e-04
9.5792102907 2.7034604675e-04
9.6192906684 2.7219592680e-04
9.6593710462 2.7404408580e-04
9.6994514240 2.7589038261e-04
9.7395318018 2.7773467609e-04
9.7796121796 2.7957682510e-04
9.8196925574 2.8141668849e-04
9.8597729352 2.8325412513e-04
9.8998533129 2.8508899388e-04
9.9399336907 2.8692115358e-04
9.9800140685 2.8875046311e-04
10.0200944463 2.9057678132e-04
10.0601748241 2.9239996707e-04
10.1002552019 2.9421987922e-04
10.1403355797 2.9603637663e-04
10.1804159574 2.9784931816e-04
10.2204963352 2.9965856265e-04
10.2605767130 3.0146396899e-04
10.3006570908 3.0326539602e-04
10.3407374686 3.0506270259e-04
10.3808178464 3.0685574758e-04
10.4208982241 3.0864438984e-04
10.4609786019 3.1042848823e-04
10.5010589797 3.1220790161e-04
10.5411393575 3.1398248883e-04
10.5812197353 3.1575210876e-04
10.6213001131 3.1751662025e-04
10.6613804909 3.1927588217e-04
10.7014608686 3.2102975336e-04
10.7415412464 3.2277809270e-04
10.7816216242 3.2452075904e-04
10.8217020020 3.2625761124e-04
10.8617823798 3.2798850891e-04
10.9018627576 3.2971335324e-04
10.9419431354 3.3143210742e-04
10.9820235131 3.3314473975e-04
11.0221038909 3.3485121851e-04
11.0621842687 3.3655151200e-04
11.1022646465 3.3824558850e-04
11.1423450243 3.3993341630e-04
11.1824254021 3.4161496369e-04
11.2225057799 3.4329019896e-04
11.2625861576 3.4495909040e-04
11.3026665354 3.4662160628e-04
11.3427469132 3.4827771491e-04
11.3828272910 3.4992738457e-04
11.4229076688 3.5157058355e-04
11.4629880466 3.5320728013e-04
11.5030684243 3.5483744261e-04
11.5431488021 3.5646103927e-04
11.5832291799 3.5807803841e-04
11.6233095577 3.5968840830e-04
11.6633899355 3.6129211724e-04
11.7034703133 3.6288913352e-04
11.7435506911 3.6447942542e-04
11.7836310688 3.6606296124e-04
11.8237114466 3.6763970925e-04
11.8637918244 3.6920963775e-04
11.9038722022 3.7077271504e-04
11.9439525800 3.7232890938e-04
11.9840329578 3.7387818908e-04
12.0241133356 3.7542052243e-04
12.0641937133 3.7695587770e-04
12.1042740911 3.7848422319e-04
12.1443544689 3.8000552719e-04
12.1844348467 3.8151975798e-04
12.2245152245 3.8302688386e-04
12.2645956023 3.8452687311e-04
12.3046759801 3.8601969401e-04
12.3447563578 3.8750531487e-04
12.3848367356 3.8898370396e-04
12.4249171134 3.9045482958e-04
12.4649974912 3.9191866001e-04
12.5050778690 3.9337516354e-04
12.5451582468 3.9482430846e-04
12.5852386245 3.9626606305e-04
12.6253190023 3.9770039562e-04
12.6653993801 3.9912727443e-04
12.7054797579 4.0054666779e-04
12.7455601357 4.0195854398e-04
12.7856405135 4.0336287129e-04
12.8257208913 4.0475961800e-04
12.8658012690 4.0614875241e-04
12.9058816468 4.0753024280e-04
12.9459620246 4.0890405747e-04
12.9860424024 4.1027016469e-04
13.0261227802 4.1162853277e-04
13.0662031580 4.1297912998e-04
13.1062835358 4.1432192461e-04
13.1463639135 4.1565688496e-04
13.1864442913 4.1698397930e-04
13.2265246691 4.1830317594e-04
13.2666050469 4.1961444316e-04
13.3066854247 4.2091774924e-04
13.3467658025 4.2221306247e-04
13.3868461803 4.2350035115e-04
13.4269265580 4.2477958356e-04
13.4670069358 4.2605072798e-04
13.5070873136 4.2731375272e-04
13.5471676914 4.2856862604e-04
13.5872480692 4.2981531626e-04
13.6273284470 4.3105379164e-04
13.6674088247 4.3228402049e-04
13.7074892025 4.3350597108e-04
13.7475695803 4.3471961171e-04
13.7876499581 4.3592491066e-04
13.8277303359 4.3712183623e-04
13.8678107137 4.3831035670e-04
13.9078910915 4.3949044035e-04
13.9479714692 4.4066205549e-04
13.9880518470 4.4182517039e-04
14.0281322248 4.4297975335e-04
14.0682126026 4.4412577264e-04
14.1082929804 4.4526319657e-04
14.1483733582 4.4639199342e-04
14.1884537360 4.4751213148e-04
14.2285341137 4.4862359668e-04
14.2686144915 4.4972643230e-04
14.3086948693 4.5082069322e-04
14.3487752471 4.5190643437e-04
14.3888556249 4.5298371063e-04
14.4289360027 4.5405257692e-04
14.4690163805 4.5511308813e-04
14.5090967582 4.5616529918e-04
14.5491771360 4.5720926495e-04
14.5892575138 4.5824504035e-04
14.6293378916 4.5927268029e-04
14.6694182694 4.6029223967e-04
14.7094986472 4.6130377339e-04
14.7495790249 4.6230733635e-04
14.7896594027 4.6330298346e-04
14.8297397805 4.6429076962e-04
14.8698201583 4.6527074974e-04
14.9099005361 4.6624297870e-04
14.9499809139 4.6720751142e-04
14.9900612917 4.6816440281e-04
15.0301416694 4.6911370775e-04
15.0702220472 4.7005548116e-04
15.1103024250 4.7098977794e-04
15.1503828028 4.7191665299e-04
15.1904631806 4.7283616121e-04
15.2305435584 4.7374835751e-04
15.2706239362 4.7465329678e-04
15.3107043139 4.7555103394e-04
15.3507846917 4.7644162388e-04
15.3908650695 4.7732512151e-04
15.4309454473 4.7820158172e-04
15.4710258251 4.7907105943e-04
15.5111062029 4.7993360953e-04
15.5511865807 4.8078928693e-04
15.5912669584 4.8163814653e-04
15.6313473362 4.8248024323e-04
15.6714277140 4.8331563194e-04
15.7115080918 4.8414436755e-04
15.7515884696 4.8496650497e-04
15.7916688474 4.8578209911e-04
15.8317492252 4.8659120487e-04
15.8718296029 4.8739387714e-04
15.9119099807 4.8819017083e-04
15.9519903585 4.8898014084e-04
15.9920707363 4.8976384209e-04
16.0321511141 4.9054132946e-04
16.0722314919 4.9131265786e-04
16.1123118696 4.9207788220e-04
16.1523922474 4.9283705737e-04
16.1924726252 4.9359023829e-04
16.2325530030 4.9433747984e-04
16.2726333808 4.9507883694e-04
16.3127137586 4.9581436449e-04
16.3527941364 4.9654411739e-04
16.3928745141 4.9726815054e-04
16.4329548919 4.9798651885e-04
16.4730352697 4.9869927722e-04
16.5131156475 4.9940648054e-04
16.5531960253 5.0010818374e-04
16.5932764031 5.0080444169e-04
16.6333567809 5.0149530932e-04
16.6734371586 5.0218084151e-04
16.7135175364 5.0286109319e-04
16.7535979142 5.0353611923e-04
16.7936782920 5.0420597456e-04
16.8337586698 5.0487071407e-04
16.8738390476 5.0553039267e-04
16.9139194254 5.0618506525e-04
16.9539998031 5.0683478672e-04
16.9940801809 5.0747961199e-04
17.0341605587 5.0811959595e-04
17.0742409365 5.0875479351e-04
17.1143213143 5.0938525957e-04
17.1544016921 5.1001104903e-04
17.1944820698 5.1063221680e-04
17.2345624476 5.1124881778e-04
17.2746428254 5.1186090687e-04
17.3147232032 5.1246853898e-04
17.3548035810 5.1307176900e-04
17.3948839588 5.1367065184e-04
17.4349643366 5.1426524240e-04
17.4750447143 5.1485559559e-04
17.5151250921 5.1544176631e-04
17.5552054699 5.1602380945e-04
17.5952858477 5.1660177993e-04
17.6353662255 5.1717573264e-04
17.6754466033 5.1774572249e-04
17.7155269811 5.1831180439e-04
17.7556073588 5.1887403322e-04
17.7956877366 5.1943246391e-04
17.8357681144 5.1998715134e-04
17.8758484922 5.2053815042e-04
17.9159288700 5.2108551606e-04
17.9560092478 5.2162930315e-04
17.9960896256 5.2216956660e-04
18.0361700033 5.2270636132e-04
18.0762503811 5.2323974220e-04
18.1163307589 5.2376976414e-04
18.1564111367 5.2429648206e-04
18.1964915145 5.2481995085e-04
18.2365718923 5.2534022541e-04
18.2766522700 5.2585736066e-04
18.3167326478 5.2637141148e-04
18.3568130256 5.2688243279e-04
18.3968934034 5.2739046370e-04
18.4369737812 5.2789547472e-04
18.4770541590 5.2839741771e-04
18.5171345368 5.2889624453e-04
18.5572149145 5.2939190703e-04
18.5972952923 5.2988435707e-04
18.6373756701 5.3037354652e-04
18.6774560479 5.3085942722e-04
18.7175364257 5.3134195105e-04
18.7576168035 5.3182106986e-04
18.7976971813 5.3229673550e-04
18.8377775590 5.3276889983e-04
18.8778579368 5.3323751472e-04
18.9179383146 5.3370253203e-04
18.9580186924 5.3416390360e-04
18.9980990702 5.3462158130e-04
19.0381794480 5.3507551700e-04
19.0782598258 5.3552566253e-04
19.1183402035 5.3597196978e-04
19.1584205813 5.3641439058e-04
19.1985009591 5.3685287681e-04
19.2385813369 5.3728738032e-04
19.2786617147 5.3771785297e-04
19.3187420925 5.3814424662e-04
19.3588224702 5.3856651313e-04
19.3989028480 5.3898460435e-04
19.4389832258 5.3939847214e-04
19.4790636036 5.3980806837e-04
19.5191439814 5.4021334489e-04
19.5592243592 5.4061425356e-04
19.5993047370 5.4101074623e-04
19.6393851147 5.4140277477e-04
19.6794654925 5.4179029104e-04
19.7195458703 5.4217324690e-04
19.7596262481 5.4255159419e-04
19.7997066259 5.4292528479e-04
19.8397870037 5.4329427054e-04
19.8798673815 5.4365850332e-04
19.9199477592 5.4401793497e-04
19.9600281370 5.4437251736e-04
20.0001085148 5.4472220234e-04
20.0401888926 5.4506694177e-04
20.0802692704 5.4540668751e-04
20.1203496482 5.4574139143e-04
20.1604300260 5.4607100537e-04
20.2005104037 5.4639548120e-04
20.2405907815 5.4671477078e-04
20.2806711593 5.4702882596e-04
20.3207515371 5.4733759860e-04
20.3608319149 5.4764104057e-04
20.4009122927 5.4793910371e-04
20.4409926704 5.4823173989e-04
20.4810730482 5.4851890097e-04
20.5211534260 5.4880053881e-04
20.5612338038 5.4907660526e-04
20.6013141816 5.4934705218e-04
20.6413945594 5.4961183144e-04
20.6814749372 5.4987089488e-04
20.7215553149 5.5012419437e-04
20.7616356927 5.5037168177e-04
20.8017160705 5.5061330894e-04
20.8417964483 5.5084902773e-04
20.8818768261 5.5107879000e-04
20.9219572039 5.5130254762e-04
20.9620375817 5.5152025243e-04
21.0021179594 5.5173185631e-04
21.0421983372 5.5193731110e-04
21.0822787150 5.5213656866e-04
21.1223590928 5.5232958086e-04
21.1624394706 5.5251629956e-04
21.2025198484 5.5269667660e-04
21.2426002262 5.5287066386e-04
21.2826806039 5.5303821319e-04
21.3227609817 5.5319927644e-04
21.3628413595 5.5335380548e-04
21.4029217373 5.5350175216e-04
21.4430021151 5.5364306834e-04
21.4830824929 5.5377770589e-04
21.5231628706 5.5390561666e-04
21.5632432484 5.5402675251e-04
21.6033236262 5.5414106529e-04
21.6434040040 5.5424850687e-04
21.6834843818 5.5434902911e-04
21.7235647596 5.5444258205e-04
21.7636451374 5.5452909674e-04
21.8037255151 5.5460849282e-04
21.8438058929 5.5468068980e-04
21.8838862707 5.5474560717e-04
21.9239666485 5.5480316442e-04
21.9640470263 5.5485328106e-04
22.0041274041 5.5489587658e-04
22.0442077819 5.5493087049e-04
22.0842881596 5.5495818226e-04
22.1243685374 5.5497773142e-04
22.1644489152 5.5498943744e-04
22.2045292930 5.5499321983e-04
22.2446096708 5.5498899808e-04
22.2846900486 5.5497669170e-04
22.3247704264 5.5495622017e-04
22.3648508041 5.5492750300e-04
22.4049311819 5.5489045969e-04
22.4450115597 5.5484500972e-04
22.4850919375 5.5479107260e-04
22.5251723153 5.5472856783e-04
22.5652526931 5.5465741489e-04
22.6053330708 5.5457753330e-04
22.6454134486 5.5448884254e-04
22.6854938264 5.5439126212e-04
22.7255742042 5.5428471152e-04
22.7656545820 5.5416911025e-04
22.8057349598 5.5404437781e-04
22.8458153376 5.5391043368e-04
22.8858957153 5.5376719738e-04
22.9259760931 5.5361458839e-04
22.9660564709 5.5345252621e-04
23.0061368487 5.5328093035e-04
23.0462172265 5.5309972029e-04
23.0862976043 5.5290881553e-04
23.1263779821 5.5270813558e-04
23.1664583598 5.5249759992e-04
23.2065387376 5.5227712806e-04
23.2466191154 5.5204663949e-04
23.2866994932 5.5180605371e-04
23.3267798710 5.5155529022e-04
23.3668602488 5.5129426851e-04
23.4069406266 5.5102290808e-04
23.4470210043 5.5074112843e-04
23.4871013821 5.5044884906e-04
23.5271817599 5.5014598946e-04
23.5672621377 5.4983246912e-04
23.6073425155 5.4950820756e-04
23.6474228933 5.4917312425e-04
23.6875032710 5.4882713871e-04
23.7275836488 5.4847017043e-04
23.7676640266 5.4810213890e-04
23.8077444044 5.4772296362e-04
23.8478247822 5.4733256409e-04
23.8879051600 5.4693085981e-04
23.9279855378 5.4651777027e-04
23.9680659155 5.4609321497e-04
24.0081462933 5.4565711341e-04
24.0482266711 5.4520938508e-04
24.0883070489 5.4474994949e-04
24.1283874267 5.4427872612e-04
24.1684678045 5.4379563448e-04
24.2085481823 5.4330059417e-04
24.2486285600 5.4279353866e-04
24.2887089378 5.4227442946e-04
24.3287893156 5.4174323146e-04
24.3688696934 5.4119990953e-04
24.4089500712 5.4064442855e-04
24.4490304490 5.4007675340e-04
24.4891108268 5.3949684896e-04
24.5291912045 5.3890468012e-04
24.5692715823 5.3830021174e-04
24.6093519601 5.3768340871e-04
24.6494323379 5.3705423591e-04
24.6895127157 5.3641265821e-04
24.7295930935 5.3575864050e-04
24.7696734712 5.3509214766e-04
24.8097538490 5.3441314456e-04
24.8498342268 5.3372159608e-04
24.8899146046 5.3301746711e-04
24.9299949824 5.3230072252e-04
24.9700753602 5.3157132719e-04
25.0101557380 5.3082924600e-04
25.0502361157 5.3007444383e-04
25.0903164935 5.2930688556e-04
25.1303968713 5.2852653607e-04
25.1704772491 5.2773336024e-04
25.2105576269 5.2692732294e-04
25.2506380047 5.2610838906e-04
25.2907183825 5.2527652347e-04
25.3307987602 5.2443169106e-04
25.3708791380 5.2357385671e-04
25.4109595158 5.2270298528e-04
25.4510398936 5.2181904167e-04
25.4911202714 5.2092199075e-04
25.5312006492 5.2001179741e-04
25.5712810270 5.1908842651e-04
25.6113614047 5.1815184294e-04
25.6514417825 5.1720201158e-04
25.6915221603 5.1623889731e-04
25.7316025381 5.1526246501e-04
25.7716829159 5.1427267955e-04
25.8117632937 5.1326950582e-04
25.8518436714 5.1225290869e-04
25.8919240492 5.1122285747e-04
25.9320044270 5.1017938835e-04
25.9720848048 5.0912258943e-04
26.0121651826 5.0805255013e-04
26.0522455604 5.0696935990e-04
26.0923259382 5.0587310818e-04
26.1324063159 5.0476388441e-04
26.1724866937 5.0364177802e-04
26.2125670715 5.0250687847e-04
26.2526474493 5.0135927518e-04
26.2927278271 5.0019905760e-04
26.3328082049 4.9902631517e-04
26.3728885827 4.9784113732e-04
26.4129689604 4.9664361350e-04
26.4530493382 4.9543383315e-04
26.4931297160 4.9421188571e-04
26.5332100938 4.9297786061e-04
26.5732904716 4.9173184730e-04
26.6133708494 4.9047393521e-04
26.6534512272 4.8920421379e-04
26.6935316049 4.8792277248e-04
26.7336119827 4.8662970071e-04
26.7736923605 4.8532508792e-04
26.8137727383 4.8400902356e-04
26.8538531161 4.8268159707e-04
26.8939334939 4.8134289788e-04
26.9340138716 4.7999301544e-04
26.9740942494 4.7863203918e-04
27.0141746272 4.7726005854e-04
27.0542550050 4.7587716297e-04
27.0943353828 4.7448344190e-04
27.1344157606 4.7307898477e-04
27.1744961384 4.7166388103e-04
27.2145765161 4.7023822011e-04
27.2546568939 4.6880209146e-04
27.2947372717 4.6735558451e-04
27.3348176495 4.6589878870e-04
27.3748980273 4.6443179347e-04
27.4149784051 4.6295468826e-04
27.4550587829 4.6146756252e-04
27.4951391606 4.5997050568e-04
27.5352195384 4.5846360718e-04
27.5752999162 4.5694695646e-04
27.6153802940 4.5542064296e-04
27.6554606718 4.5388475613e-04
27.6955410496 4.5233938539e-04
27.7356214274 4.5078462020e-04
27.7757018051 4.4922054998e-04
27.8157821829 4.4764726419e-04
27.8558625607 4.4606485226e-04
27.8959429385 4.4447340362e-04
27.9360233163 4.4287300773e-04
27.9761036941 4.4126375402e-04
28.0161840718 4.3964573192e-04
28.0562644496 4.3801903089e-04
28.0963448274 4.3638374035e-04
28.1364252052 4.3473994975e-04
28.1765055830 4.3308774853e-04
28.2165859608 4.3142722613e-04
28.2566663386 4.2975847199e-04
28.2967467163 4.2808157554e-04
28.3368270941 4.2639662624e-04
28.3769074719 4.2470371351e-04
28.4169878497 4.2300292680e-04
28.4570682275 4.2129435554e-04
28.4971486053 4.1957808918e-04
28.5372289831 4.1785421716e-04
28.5773093608 4.1612282892e-04
28.6173897386 4.1438401389e-04
28.6574701164 4.1263786152e-04
28.6975504942 4.1088446125e-04
28.7376308720 4.0912390251e-04
28.7777112498 4.0735627474e-04
28.8177916276 4.0558166740e-04
28.8578720053 4.0380016990e-04
28.8979523831 4.0201187171e-04
28.9380327609 4.0021686224e-04
28.9781131387 3.9841523096e-04
29.0181935165 3.9660706728e-04
29.0582738943 3.9479246067e-04
29.0983542720 3.9297150054e-04
29.1384346498 3.9114427635e-04
29.1785150276 3.8931087753e-04
29.2185954054 3.8747139387e-04
29.2586757832 3.8562593786e-04
29.2987561610 3.8377465855e-04
29.3388365388 3.8191770829e-04
29.3789169165 3.8005523943e-04
29.4189972943 3.7818740431e-04
29.4590776721 3.7631435530e-04
29.4991580499 3.7443624473e-04
29.5392384277 3.7255322497e-04
29.5793188055 3.7066544835e-04
29.6193991833 3.6877306724e-04
29.6594795610 3.6687623397e-04
29.6995599388 3.6497510091e-04
29.7396403166 3.6306982040e-04
29.7797206944 3.6116054479e-04
29.8198010722 3.5924742644e-04
29.8598814500 3.5733061768e-04
29.8999618278 3.5541027088e-04
29.9400422055 3.5348653839e-04
29.9801225833 3.5155957255e-04
30.0202029611 3.4962952571e-04
30.0602833389 3.4769655022e-04
30.1003637167 3.4576079844e-04
30.1404440945 3.4382242272e-04
30.1805244722 3.4188157540e-04
30.2206048500 3.3993840884e-04
30.2606852278 3.3799307538e-04
30.3007656056 3.3604572738e-04
30.3408459834 3.3409651719e-04
30.3809263612 3.3214559715e-04
30.4210067390 3.3019311963e-04
30.4610871167 3.2823923696e-04
30.5011674945 3.2628410149e-04
30.5412478723 3.2432786559e-04
30.5813282501 3.2237068160e-04
30.6214086279 3.2041270186e-04
30.6614890057 3.1845407874e-04
30.7015693835 3.1649496457e-04
30.7416497612 3.1453551172e-04
30.7817301390 3.1257587253e-04
30.8218105168 3.1061619934e-04
30.8618908946 3.0865664452e-04
30.9019712724 3.0669736041e-04
30.9420516502 3.0473849937e-04
30.9821320280 3.0278021373e-04
31.0222124057 3.0082265586e-04
31.0622927835 2.9886597810e-04
31.1023731613 2.9691033281e-04
31.1424535391 2.9495587232e-04
31.1825339169 2.9300274901e-04
31.2226142947 2.9105111520e-04
31.2626946724 2.8910112327e-04
31.3027750502 2.8715292554e-04
31.3428554280 2.8520667439e-04
31.3829358058 2.8326252215e-04
31.4230161836 2.8132062117e-04
31.4630965614 2.7938112381e-04
31.5031769392 2.7744418242e-04
31.5432573169 2.7550994935e-04
31.5833376947 2.7357857694e-04
31.6234180725 2.7165021756e-04
31.6634984503 2.6972502354e-04
31.7035788281 2.6780314724e-04
31.7436592059 2.6588473449e-04
31.7837395837 2.6396989139e-04
31.8238199614 2.6205870908e-04
31.8639003392 2.6015127866e-04
31.9039807170 2.5824769123e-04
31.9440610948 2.5634803790e-04
31.9841414726 2.5445240977e-04
32.0242218504 2.5256089795e-04
32.0643022282 2.5067359354e-04
32.1043826059 2.4879058764e-04
32.1444629837 2.4691197136e-04
32.1845433615 2.4503783580e-04
32.2246237393 2.4316827206e-04
32.2647041171 2.4130337126e-04
32.3047844949 2.3944322449e-04
32.3448648726 2.3758792286e-04
32.3849452504 2.3573755747e-04
32.4250256282 2.3389221943e-04
32.4651060060 2.3205199984e-04
32.5051863838 2.3021698981e-04
32.5452667616 2.2838728043e-04
32.5853471394 2.2656296282e-04
32.6254275171 2.2474412807e-04
32.6655078949 2.2293086730e-04
32.7055882727 2.2112327160e-04
32.7456686505 2.1932143208e-04
32.7857490283 2.1752543984e-04
32.8258294061 2.1573538599e-04
32.8659097839 2.1395136163e-04
32.9059901616 2.1217345787e-04
32.9460705394 2.1040176581e-04
32.9861509172 2.0863637655e-04
33.0262312950 2.0687738120e-04
33.0663116728 2.0512487086e-04
33.1063920506 2.0337893664e-04
33.1464724284 2.0163966964e-04
33.1865528061 1.9990716096e-04
33.2266331839 1.9818150172e-04
33.2667135617 1.9646278300e-04
33.3067939395 1.9475109592e-04
33.3468743173 1.9304653158e-04
33.3869546951 1.9134918098e-04
33.4270350728 1.8965911741e-04
33.4671154506 1.8797637703e-04
33.5071958284 1.8630099134e-04
33.5472762062 1.8463299184e-04
33.5873565840 1.8297241001e-04
33.6274369618 1.8131927734e-04
33.6675173396 1.7967362535e-04
33.7075977173 1.7803548550e-04
33.7476780951 1.7640488931e-04
33.7877584729 1.7478186826e-04
33.8278388507 1.7316645385e-04
33.8679192285 1.7155867756e-04
33.9079996063 1.6995857090e-04
33.9480799841 1.6836616536e-04
33.9881603618 1.6678149243e-04
34.0282407396 1.6520458360e-04
34.0683211174 1.6363547036e-04
34.1084014952 1.6207418422e-04
34.1484818730 1.6052075666e-04
34.1885622508 1.5897521918e-04
34.2286426286 1.5743760327e-04
34.2687230063 1.5590794042e-04
34.3088033841 1.5438626213e-04
34.3488837619 1.5287259990e-04
34.3889641397 1.5136698520e-04
34.4290445175 1.4986944955e-04
34.4691248953 1.4838002442e-04
34.5092052730 1.4689874132e-04
34.5492856508 1.4542563174e-04
34.5893660286 1.4396072717e-04
34.6294464064 1.4250405910e-04
34.6695267842 1.4105565903e-04
34.7096071620 1.3961555846e-04
34.7496875398 1.3818378887e-04
34.7897679175 1.3676038176e-04
34.8298482953 1.3534536862e-04
34.8699286731 1.3393878094e-04
34.9100090509 1.3254065022e-04
34.9500894287 1.3115100796e-04
34.9901698065 1.2976988564e-04
35.0302501843 1.2839731476e-04
35.0703305620 1.2703332682e-04
35.1104109398 1.2567795330e-04
35.1504913176 1.2433122570e-04
35.1905716954 1.2299317551e-04
35.2306520732 1.2166383423e-04
35.2707324510 1.2034323334e-04
35.3108128288 1.1903140435e-04
35.3508932065 1.1772837875e-04
35.3909735843 1.1643418803e-04
35.4310539621 1.1514886368e-04
35.4711343399 1.1387243719e-04
35.5112147177 1.1260494007e-04
35.5512950955 1.1134640380e-04
35.5913754732 1.1009685988e-04
35.6314558510 1.0885633980e-04
35.6715362288 1.0762487505e-04
35.7116166066 1.0640249713e-04
35.7516969844 1.0518923753e-04
35.7917773622 1.0398512774e-04
35.8318577400 1.0279019927e-04
35.8719381177 1.0160448359e-04
35.9120184955 1.0042800827e-04
35.9520988733 9.9260768166e-05
35.9921792511 9.8102741921e-05
36.0322596289 9.6953908064e-05
36.0723400067 9.5814245126e-05
36.1124203845 9.4683731638e-05
36.1525007622 9.3562346129e-05
36.1925811400 9.2450067129e-05
36.2326615178 9.1346873169e-05
36.2727418956 9.0252742778e-05
36.3128222734 8.9167654486e-05
36.3529026512 8.8091586824e-05
36.3929830290 8.7024518321e-05
36.4330634067 8.5966427507e-05
36.4731437845 8.4917292913e-05
36.5132241623 8.3877093069e-05
36.5533045401 8.2845806503e-05
36.5933849179 8.1823411748e-05
36.6334652957 8.0809887332e-05
36.6735456734 7.9805211786e-05
36.7136260512 7.8809363639e-05
36.7537064290 7.7822321423e-05
36.7937868068 7.6844063665e-05
36.8338671846 7.5874568898e-05
36.8739475624 7.4913815650e-05
36.9140279402 7.3961782452e-05
36.9541083179 7.3018447835e-05
36.9941886957 7.2083790326e-05
37.0342690735 7.1157788458e-05
37.0743494513 7.0240420760e-05
37.1144298291 6.9331665762e-05
37.1545102069 6.8431501993e-05
37.1945905847 6.7539907985e-05
37.2346709624 6.6656862267e-05
37.2747513402 6.5782343368e-05
37.3148317180 6.4916329820e-05
37.3549120958 6.4058800152e-05
37.3949924736 6.3209732895e-05
37.4350728514 6.2369106577e-05
37.4751532292 6.1536899730e-05
37.5152336069 6.0713090883e-05
37.5553139847 5.9897658560e-05
37.5953943625 5.9090576982e-05
37.6354747403 5.8291808478e-05
37.6755551181 5.7501313342e-05
37.7156354959 5.6719051868e-05
37.7557158736 5.5944984347e-05
37.7957962514 5.5179071074e-05
37.8358766292 5.4421272343e-05
37.8759570070 5.3671548446e-05
37.9160373848 5.2929859677e-05
37.9561177626 5.2196166329e-05
37.9961981404 5.1470428695e-05
38.0362785181 5.0752607070e-05
38.0763588959 5.0042661746e-05
38.1164392737 4.9340553017e-05
38.1565196515 4.8646241176e-05
38.1966000293 4.7959686517e-05
38.2366804071 4.7280849332e-05
38.2767607849 4.6609689915e-05
38.3168411626 4.5946168560e-05
38.3569215404 4.5290245561e-05
38.3970019182 4.4641881209e-05
38.4370822960 4.4001035799e-05
38.4771626738 4.3367669624e-05
38.5172430516 4.2741742977e-05
38.5573234294 4.2123216153e-05
38.5974038071 4.1512049443e-05
38.6374841849 4.0908203142e-05
38.6775645627 4.0311637543e-05
38.7176449405 3.9722312939e-05
38.7577253183 3.9140189624e-05
38.7978056961 3.8565227891e-05
38.8378860738 3.7997388033e-05
38.8779664516 3.7436630344e-05
38.9180468294 3.6882915117e-05
38.9581272072 3.6336202645e-05
38.9982075850 3.5796453222e-05
39.0382879628 3.5263627142e-05
39.0783683406 3.4737684697e-05
39.1184487183 3.4218586181e-05
39.1585290961 3.3706291887e-05
39.1986094739 3.3200762109e-05
39.2386898517 3.2701957140e-05
39.2787702295 3.2209837274e-05
39.3188506073 3.1724362803e-05
39.3589309851 3.1245494021e-05
39.3990113628 3.0773191222e-05
39.4390917406 3.0307414699e-05
39.4791721184 2.9848124745e-05
39.5192524962 2.9395281653e-05
39.5593328740 2.8948845718e-05
39.5994132518 2.8508777232e-05
39.6394936296 2.8075036489e-05
39.6795740073 2.7647583782e-05
39.7196543851 2.7226379404e-05
39.7597347629 2.6811383649e-05
39.7998151407 2.6402556811e-05
39.8398955185 2.5999859181e-05
39.8799758963 2.5603251055e-05
39.9200562740 2.5212692725e-05
39.9601366518 2.4828144485e-05
40.0002170296 2.4449566628e-05
40.0402974074 2.4076919447e-05
40.0803777852 2.3710163237e-05
40.1204581630 2.3349258289e-05
40.1605385408 2.2994164897e-05
40.2006189185 2.2644843356e-05
40.2406992963 2.2301253958e-05
40.2807796741 2.1963356996e-05
40.3208600519 2.1631112765e-05
40.3609404297 2.1304481557e-05
40.4010208075 2.0983423665e-05
40.4411011853 2.0667899384e-05
40.4811815630 2.0357869006e-05
40.5212619408 2.0053292825e-05
40.5613423186 1.9754131134e-05
40.6014226964 1.9460344227e-05
40.6415030742 1.9171892396e-05
40.6815834520 1.8888735936e-05
40.7216638298 1.8610835140e-05
40.7617442075 1.8338150301e-05
40.8018245853 1.8070641712e-05
40.8419049631 1.7808269667e-05
40.8819853409 1.7550994459e-05
40.9220657187 1.7298776381e-05
40.9621460965 1.7051575727e-05
41.0022264742 1.6809352791e-05
41.0423068520 1.6572067865e-05
41.0823872298 1.6339681243e-05
41.1224676076 1.6112153219e-05
41.1625479854 1.5889444085e-05
41.2026283632 1.5671514136e-05
41.2427087410 1.5458323663e-05
41.2827891187 1.5249832962e-05
41.3228694965 1.5046002325e-05
41.3629498743 1.4846792045e-05
41.4030302521 1.4652162417e-05
41.4431106299 1.4462073732e-05
41.4831910077 1.4276486286e-05
41.5232713855 1.4095360370e-05
41.5633517632 1.3918656279e-05
41.6034321410 1.3746334305e-05
41.6435125188 1.3578354743e-05
41.6835928966 1.3414677885e-05
41.7236732744 1.3255264025e-05
41.7637536522 1.3100073456e-05
41.8038340300 1.2949066472e-05
41.8439144077 1.2802203366e-05
41.8839947855 1.2659444431e-05
41.9240751633 1.2520749961e-05
41.9641555411 1.2386080249e-05
42.0042359189 1.2255395589e-05
42.0443162967 1.2128656273e-05
42.0843966744 1.2005822595e-05
42.1244770522 1.1886854849e-05
42.1645574300 1.1771713328e-05
42.2046378078 1.1660358326e-05
42.2447181856 1.1552750134e-05
42.2847985634 1.1448849048e-05
42.3248789412 1.1348615361e-05
42.3649593189 1.1252009365e-05
42.4050396967 1.1158991354e-05
42.4451200745 1.1069521622e-05
42.4852004523 1.0983560461e-05
42.5252808301 1.0901068166e-05
42.5653612079 1.0822005030e-05
42.6054415857 1.0746331345e-05
42.6455219634 1.0674007406e-05
42.6856023412 1.0604993505e-05
42.7256827190 1.0539249937e-05
42.7657630968 1.0476736994e-05
42.8058434746 1.0417414970e-05
42.8459238524 1.0361244158e-05
42.8860042302 1.0308184851e-05
42.9260846079 1.0258197344e-05
42.9661649857 1.0211241928e-05
43.0062453635 1.0167278899e-05
43.0463257413 1.0126268548e-05
43.0864061191 1.0088171170e-05
43.1264864969 1.0052947058e-05
43.1665668746 1.0020556504e-05
43.2066472524 9.9909598036e-06
43.2467276302 9.9641172487e-06
43.2868080080 9.9399891330e-06
43.3268883858 9.9185357499e-06
43.3669687636 9.8997173928e-06
43.4070491414 9.8834943551e-06
43.4471295191 9.8698269300e-06
43.4872098969 9.8586754110e-06
43.5272902747 9.8500000915e-06
43.5673706525 9.8437612647e-06
43.6074510303 9.8399192242e-06
43.6475314081 9.8384342632e-06
43.6876117859 9.8392666751e-06
43.7276921636 9.8423767533e-06
43.7677725414 9.8477247911e-06
43.8078529192 9.8552710820e-06
43.8479332970 9.8649759192e-06
43.8880136748 9.8767995962e-06
43.9280940526 9.8907024064e-06
43.9681744304 9.9066446430e-06
44.0082548081 9.9245865995e-06
44.0483351859 9.9444885692e-06
44.0884155637 9.9663108455e-06
44.1284959415 9.9900137218e-06
44.1685763193 1.0015557491e-05
44.2086566971 1.0042902448e-05
44.2487370748 1.0072008884e-05
44.2888174526 1.0102837094e-05
44.3288978304 1.0135347371e-05
44.3689782082 1.0169500007e-05
44.4090585860 1.0205255298e-05
44.4491389638 1.0242573535e-05
44.4892193416 1.0281415013e-05
44.5292997193 1.0321740024e-05
44.5693800971 1.0363508862e-05
44.6094604749 1.0406681821e-05
44.6495408527 1.0451219193e-05
44.6896212305 1.0497081272e-05
44.7297016083 1.0544228352e-05
44.7697819861 1.0592620726e-05
44.8098623638 1.0642218687e-05
44.8499427416 1.0692982529e-05
44.8900231194 1.0744872544e-05
44.9301034972 1.0797849027e-05
44.9701838750 1.0851872271e-05
45.0102642528 1.0906902569e-05
45.0503446306 1.0962900214e-05
45.0904250083 1.1019822058e-05
45.1305053861 1.1077595004e-05
45.1705857639 1.1136130532e-05
45.2106661417 1.1195339997e-05
45.2507465195 1.1255134752e-05
45.2908268973 1.1315426152e-05
45.3309072751 1.1376125551e-05
45.3709876528 1.1437144303e-05
45.4110680306 1.1498393761e-05
45.4511484084 1.1559785280e-05
45.4912287862 1.1621230213e-05
45.5313091640 1.1682639916e-05
45.5713895418 1.1743925741e-05
45.6114699195 1.1804999043e-05
45.6515502973 1.1865771176e-05
45.6916306751 1.1926153494e-05
45.7317110529 1.1986057351e-05
45.7717914307 1.2045394101e-05
45.8118718085 1.2104075098e-05
45.8519521863 1.2162011696e-05
45.8920325640 1.2219115248e-05
45.9321129418 1.2275297110e-05
45.9721933196 1.2330468635e-05
46.0122736974 1.2384541177e-05
46.0523540752 1.2437426091e-05
46.0924344530 1.2489034729e-05
46.1325148308 1.2539278447e-05
46.1725952085 1.2588068597e-05
46.2126755863 1.2635316536e-05
46.2527559641 1.2680933615e-05
46.2928363419 1.2724831189e-05
46.3329167197 1.2766920613e-05
46.3729970975 1.2807113241e-05
46.4130774753 1.2845320425e-05
46.4531578530 1.2881453522e-05
46.4932382308 1.2915423883e-05
46.5333186086 1.2947142864e-05
46.5733989864 1.2976521819e-05
46.6134793642 1.3003472101e-05
46.6535597420 1.3027905064e-05
46.6936401197 1.3049732063e-05
46.7337204975 1.3068864452e-05
46.7738008753 1.3085213584e-05
46.8138812531 1.3098690814e-05
46.8539616309 1.3109207496e-05
46.8940420087 1.3116674983e-05
46.9341223865 1.3121004630e-05
46.9742027642 1.3122107791e-05
47.0142831420 1.3119895819e-05
47.0543635198 1.3114280070e-05
47.0944438976 1.3105171896e-05
47.1345242754 1.3092482652e-05
47.1746046532 1.3076123692e-05
47.2146850310 1.3056006370e-05
47.2547654087 1.3032042039e-05
47.2948457865 1.3004142055e-05
47.3349261643 1.2972217771e-05
47.3750065421 1.2936180540e-05
47.4150869199 1.2895941718e-05
47.4551672977 1.2851412658e-05
47.4952476755 1.2802504714e-05
47.5353280532 1.2749129240e-05
47.5754084310 1.2691198515e-05
47.6154888088 1.2628701454e-05
47.6555691866 1.2561759816e-05
47.6956495644 1.2490508606e-05
47.7357299422 1.2415082832e-05
47.7758103199 1.2335617497e-05
47.8158906977 1.2252247608e-05
47.8559710755 1.2165108170e-05
47.8960514533 1.2074334188e-05
47.9361318311 1.1980060669e-05
47.9762122089 1.1882422617e-05
48.0162925867 1.1781555038e-05
48.0563729644 1.1677592939e-05
48.0964533422 1.1570671323e-05
48.1365337200 1.1460925198e-05
48.1766140978 1.1348489568e-05
48.2166944756 1.1233499439e-05
48.2567748534 1.1116089816e-05
48.2968552312 1.0996395706e-05
48.3369356089 1.0874552113e-05
48.3770159867 1.0750694043e-05
48.4170963645 1.0624956502e-05
48.4571767423 1.0497474495e-05
48.4972571201 1.0368383028e-05
48.5373374979 1.0237817106e-05
48.5774178757 1.0105911735e-05
48.6174982534 9.9728019206e-06
48.6575786312 9.8386226681e-06
48.6976590090 9.7035089831e-06
48.7377393868 9.5675958711e-06
48.7778197646 9.4310183377e-06
48.8179001424 9.2939113885e-06
48.8579805201 9.1564100290e-06
48.8980608979 9.0186492647e-06
48.9381412757 8.8807641011e-06
48.9782216535 8.7428895439e-06
49.0183020313 8.6051605985e-06
49.0583824091 8.4677122706e-06
49.0984627869 8.3306795656e-06
49.1385431646 8.1941974891e-06
49.1786235424 8.0584010467e-06
49.2187039202 7.9234252438e-06
49.2587842980 7.7893989327e-06
49.2988646758 7.6563757058e-06
49.3389450536 7.5243587715e-06
49.3790254314 7.3933504120e-06
49.4191058091 7.2633529096e-06
49.4591861869 7.1343685467e-06
49.4992665647 7.0063996057e-06
49.5393469425 6.8794483687e-06
49.5794273203 6.7535171183e-06
49.6195076981 6.6286081365e-06
49.6595880759 6.5047237059e-06
49.6996684536 6.3818661087e-06
49.7397488314 6.2600376273e-06
49.7798292092 6.1392405439e-06
49.8199095870 6.0194771409e-06
49.8599899648 5.9007497006e-06
49.9000703426 5.7830605053e-06
49.9401507203 5.6664118374e-06
49.9802310981 5.5508059791e-06
50.0203114759 5.4362452129e-06
50.0603918537 5.3227318209e-06
50.1004722315 5.2102680856e-06
50.1405526093 5.0988562893e-06
50.1806329871 4.9884987143e-06
50.2207133648 4.8791976428e-06
50.2607937426 4.7709553573e-06
50.3008741204 4.6637741401e-06
50.3409544982 4.5576562734e-06
50.3810348760 4.4526040396e-06
50.4211152538 4.3486197210e-06
50.4611956316 4.2457056000e-06
50.5012760093 4.1438639588e-06
50.5413563871 4.0430970799e-06
50.5814367649 3.9434072454e-06
50.6215171427 3.8447967378e-06
50.6615975205 3.7472678393e-06
50.7016778983 3.6508228323e-06
50.7417582761 3.5554639991e-06
50.7818386538 3.4611936220e-06
50.8219190316 3.3680139834e-06
50.8619994094 3.2759273655e-06
50.9020797872 3.1849360507e-06
50.9421601650 3.0950423213e-06
50.9822405428 3.0062484597e-06
51.0223209205 2.9185567481e-06
51.0624012983 2.8319694689e-06
51.1024816761 2.7464889044e-06
51.1425620539 2.6621173369e-06
51.1826424317 2.5788570487e-06
51.2227228095 2.4967103222e-06
51.2628031873 2.4156794397e-06
51.3028835650 2.3357666835e-06
51.3429639428 2.2569743360e-06
51.3830443206 2.1793046794e-06
51.4231246984 2.1027599961e-06
51.4632050762 2.0273425683e-06
51.5032854540 1.9530546785e-06
51.5433658318 1.8798986090e-06
51.5834462095 1.8078766420e-06
51.6235265873 1.7369910599e-06
51.6636069651 1.6672441450e-06
51.7036873429 1.5986381797e-06
51.7437677207 1.5311754462e-06
51.7838480985 1.4648582269e-06
51.8239284763 1.3996888040e-06
51.8640088540 1.3356694600e-06
51.9040892318 1.2728024772e-06
51.9441696096 1.2110901378e-06
51.9842499874 1.1505347242e-06
52.0243303652 1.0911385188e-06
52.0644107430 1.0329038037e-06
52.1044911207 9.7583286143e-07
52.1445714985 9.1992797423e-07
52.1846518763 8.6519142443e-07
52.2247322541 8.1162549435e-07
52.2648126319 7.5923246632e-07
52.3048930097 7.0801462265e-07
52.3449733875 6.5797424568e-07
52.3850537652 6.0911361773e-07
52.4251341430 5.6143502110e-07
52.4652145208 5.1494073814e-07
52.5052948986 4.6963305116e-07
52.5453752764 4.2551424248e-07
52.5854556542 3.8258645435e-07
52.6255360320 3.4084548681e-07
52.6656164097 3.0027834101e-07
52.7056967875 2.6087137010e-07
52.7457771653 2.2261092728e-07
52.7858575431 1.8548336570e-07
52.8259379209 1.4947503855e-07
52.8660182987 1.1457229899e-07
52.9060986765 8.0761500203e-08
52.9461790542 4.8028995358e-08
52.9862594320 1.6361137628e-08
53.0263398098 -1.4255719813e-08
53.0664201876 -4.3835223792e-08
53.1065005654 -7.2391021137e-08
53.1465809432 -9.9936758674e-08
53.1866613209 -1.2648608323e-07
53.2267416987 -1.5205264163e-07
53.2668220765 -1.7665008071e-07
53.3069024543 -2.0029204728e-07
53.3469828321 -2.2299218819e-07
53.3870632099 -2.4476415024e-07
53.4271435877 -2.6562158028e-07
53.4672239654 -2.8557812512e-07
53.5073043432 -3.0464743160e-07
53.5473847210 -3.2284314654e-07
53.5874650988 -3.4017891677e-07
53.6275454766 -3.5666838911e-07
53.6676258544 -3.7232521040e-07
53.7077062322 -3.8716302745e-07
53.7477866099 -4.0119548711e-07
53.7878669877 -4.1443623618e-07
53.8279473655 -4.2689892150e-07
53.8680277433 -4.3859718991e-07
53.9081081211 -4.4954468821e-07
53.9481884989 -4.5975506325e-07
53.9882688767 -4.6924196184e-07
54.0283492544 -4.7801903082e-07
54.0684296322 -4.8609991701e-07
54.1085100100 -4.9349826723e-07
54.1485903878 -5.0022772833e-07
54.1886707656 -5.0630194711e-07
54.2287511434 -5.1173457042e-07
54.2688315211 -5.1653924507e-07
54.3089118989 -5.2072961789e-07
54.3489922767 -5.2431933571e-07
54.3890726545 -5.2732204536e-07
54.4291530323 -5.2975139367e-07
54.4692334101 -5.3162102745e-07
54.5093137879 -5.3294459355e-07
54.5493941656 -5.3373573877e-07
54.5894745434 -5.3400810996e-07
54.6295549212 -5.3377535394e-07
54.6696352990 -5.3305111753e-07
54.7097156768 -5.3184904757e-07
54.7497960546 -5.3018279087e-07
54.7898764324 -5.2806599427e-07
54.8299568101 -5.2551230459e-07
54.8700371879 -5.2253536867e-07
54.9101175657 -5.1914883332e-07
54.9501979435 -5.1536634537e-07
54.9902783213 -5.1120155165e-07
55.0303586991 -5.0666809900e-07
55.0704390769 -5.0177963422e-07
55.1105194546 -4.9654980416e-07
55.1505998324 -4.9099225564e-07
55.1906802102 -4.8512063548e-07
55.2307605880 -4.7894859051e-07
55.2708409658 -4.7248976757e-07
55.3109213436 -4.6575781347e-07
55.3510017213 -4.5876637504e-07
55.3910820991 -4.5152909911e-07
55.4311624769 -4.4405963251e-07
55.4712428547 -4.3637162207e-07
55.5113232325 -4.2847871460e-07
55.5514036103 -4.2039455694e-07
55.5914839881 -4.1213279592e-07
55.6315643658 -4.0370707836e-07
55.6716447436 -3.9513105108e-07
55.7117251214 -3.8641836092e-07
55.7518054992 -3.7758265471e-07
55.7918858770 -3.6863757926e-07
55.8319662548 -3.5959678141e-07
55.8720466326 -3.5047390798e-07
55.9121270103 -3.4128260581e-07
55.9522073881 -3.3203652171e-07
55.9922877659 -3.2274930251e-07
56.0323681437 -3.1343459504e-07
56.0724485215 -3.0410604614e-07
56.1125288993 -2.9477730261e-07
56.1526092771 -2.8546201130e-07
56.1926896548 -2.7617381903e-07
56.2327700326 -2.6692637262e-07
56.2728504104 -2.5773331890e-07
56.3129307882 -2.4860830471e-07
56.3530111660 -2.3956497685e-07
56.3930915438 -2.3061698218e-07
56.4331719215 -2.2177796750e-07
56.4732522993 -2.1306157965e-07
56.5133326771 -2.0448146545e-07
56.5534130549 -1.9605127174e-07
56.5934934327 -1.8778464533e-07
56.6335738105 -1.7969523306e-07
56.6736541883 -1.7179668174e-07
56.7137345660 -1.6410263822e-07
56.7538149438 -1.5662668831e-07
56.7938953216 -1.4937672210e-07
56.8339756994 -1.4235037479e-07
56.8740560772 -1.3554420875e-07
56.9141364550 -1.2895478633e-07
56.9542168328 -1.2257866987e-07
56.9942972105 -1.1641242173e-07
57.0343775883 -1.1045260426e-07
57.0744579661 -1.0469577980e-07
57.1145383439 -9.9138510722e-08
57.1546187217 -9.3777359363e-08
57.1946990995 -8.8608888076e-08
57.2347794773 -8.3629659214e-08
57.2748598550 -7.8836235127e-08
57.3149402328 -7.4225178166e-08
57.3550206106 -6.9793050683e-08
57.3951009884 -6.5536415028e-08
57.4351813662 -6.1451833553e-08
57.4752617440 -5.7535868608e-08
57.5153421217 -5.3785082545e-08
57.5554224995 -5.0196037715e-08
57.5955028773 -4.6765296469e-08
57.6355832551 -4.3489421158e-08
57.6756636329 -4.0364974133e-08
57.7157440107 -3.7388517745e-08
57.7558243885 -3.4556614346e-08
57.7959047662 -3.1865826286e-08
57.8359851440 -2.9312715916e-08
57.8760655218 -2.6893845588e-08
57.9161458996 -2.4605777653e-08
57.9562262774 -2.2445074461e-08
57.9963066552 -2.0408298364e-08
58.0363870330 -1.8492011713e-08
58.0764674107 -1.6692776860e-08
58.1165477885 -1.5007156154e-08
58.1566281663 -1.3431711947e-08
58.1967085441 -1.1963006591e-08
58.2367889219 -1.0597602436e-08
58.2768692997 -9.3320618341e-09
58.3169496775 -8.1629471353e-09
58.3570300552 -7.0868206913e-09
58.3971104330 -6.1002448530e-09
58.4371908108 -5.1997819715e-09
58.4772711886 -4.3819943980e-09
58.5173515664 -3.6434444834e-09
58.5574319442 -2.9806945791e-09
58.5975123219 -2.3903070359e-09
58.6375926997 -1.8688442050e-09
58.6776730775 -1.4128684375e-09
58.7177534553 -1.0189420845e-09
58.7578338331 -6.8362749713e-10
58.7979142109 -4.0348702638e-10
58.8379945887 -1.7508302338e-10
58.8780749664 5.0221607675e-12
58.9181553442 1.4026617498e-10
58.9582357220 2.3408666815e-10
58.9983160998 2.8992128921e-10
59.0383964776 3.1120768706e-10
59.0784768554 3.0138351060e-10
59.1185572332 2.6388640874e-10
59.1586376109 2.0215403040e-10
59.1987179887 1.1962402449e-10
59.2387983665 1.9734039904e-11
59.2788787443 -9.4078274439e-11
59.3189591221 -2.1837526963e-10
59.3590394999 -3.4971929676e-10
59.3991198777 -4.8467270693e-10
59.4392002554 -6.1979785122e-10
59.4792806332 -7.5165708072e-10
59.5193610110 -8.7681274653e-10
59.5594413888 -9.9182719973e-10
59.5995217666 -1.0932627914e-09
59.6396021444 -1.1776818727e-09
59.6796825221 -1.2416467946e-09
59.7197628999 -1.2817199083e-09
59.7598432777 -1.2944635649e-09
59.7999236555 -1.2764401154e-09
59.8400040333 -1.2242119109e-09
59.8800844111 -1.1343413026e-09
59.9201647889 -1.0033906414e-09
59.9602451666 -8.2792227859e-10
60.0003255444 -6.0449856516e-10
60.0404059222 -3.2968185223e-10
60.0804863000 -3.4490865954e-14
